0.000000e+00 -3.850000e-02 0.000000e+00 0.000000e+00 2.615487e-02 1.776825e-02 -0.000000e+00
5.000000e-02 -3.847824e-02 1.307507e-03 8.882365e-04 2.614009e-02 1.775800e-02 -5.913471e-04
1.000000e-01 -3.841208e-02 2.613536e-03 1.775438e-03 2.609515e-02 1.772726e-02 -1.194055e-03
1.500000e-01 -3.830161e-02 3.916580e-03 2.660581e-03 2.602011e-02 1.767608e-02 -1.795357e-03
2.000000e-01 -3.814696e-02 5.215136e-03 3.542644e-03 2.591505e-02 1.760449e-02 -2.394559e-03
2.500000e-01 -3.794830e-02 6.507707e-03 4.420610e-03 2.578010e-02 1.751260e-02 -2.990968e-03
3.000000e-01 -3.770586e-02 7.792800e-03 5.293465e-03 2.561541e-02 1.740050e-02 -3.583897e-03
3.500000e-01 -3.741992e-02 9.068935e-03 6.160203e-03 2.542119e-02 1.726832e-02 -4.172660e-03
4.000000e-01 -3.709082e-02 1.033464e-02 7.019823e-03 2.519764e-02 1.711622e-02 -4.756576e-03
4.500000e-01 -3.671893e-02 1.158845e-02 7.871334e-03 2.494504e-02 1.694437e-02 -5.334971e-03
5.000000e-01 -3.630468e-02 1.282893e-02 8.713753e-03 2.466367e-02 1.675298e-02 -5.907175e-03
5.500000e-01 -3.584856e-02 1.405464e-02 9.546108e-03 2.435387e-02 1.654225e-02 -6.472526e-03
6.000000e-01 -3.535108e-02 1.526417e-02 1.036744e-02 2.401598e-02 1.631244e-02 -7.030372e-03
6.500000e-01 -3.481283e-02 1.645613e-02 1.117680e-02 2.365041e-02 1.606381e-02 -7.580065e-03
7.000000e-01 -3.423442e-02 1.762914e-02 1.197325e-02 2.325758e-02 1.579665e-02 -8.120971e-03
7.500000e-01 -3.361653e-02 1.878185e-02 1.275588e-02 2.283794e-02 1.551127e-02 -8.652462e-03
8.000000e-01 -3.295985e-02 1.991293e-02 1.352379e-02 2.239197e-02 1.520800e-02 -9.173925e-03
8.500000e-01 -3.226517e-02 2.102107e-02 1.427608e-02 2.192021e-02 1.488719e-02 -9.684754e-03
9.000000e-01 -3.153327e-02 2.210501e-02 1.501189e-02 2.142318e-02 1.454922e-02 -1.018436e-02
9.500000e-01 -3.076499e-02 2.316349e-02 1.573038e-02 2.090147e-02 1.419447e-02 -1.067216e-02
1.000000e+00 -2.996124e-02 2.419529e-02 1.643070e-02 2.035569e-02 1.382337e-02 -1.114760e-02
1.050000e+00 -2.912293e-02 2.519923e-02 1.711207e-02 1.978646e-02 1.343633e-02 -1.161011e-02
1.100000e+00 -2.825103e-02 2.617414e-02 1.777368e-02 1.919445e-02 1.303381e-02 -1.205918e-02
1.150000e+00 -2.734656e-02 2.711890e-02 1.841479e-02 1.858033e-02 1.261628e-02 -1.249427e-02
1.200000e+00 -2.641054e-02 2.803244e-02 1.903465e-02 1.794483e-02 1.218423e-02 -1.291489e-02
1.250000e+00 -2.544407e-02 2.891369e-02 1.963254e-02 1.728868e-02 1.173815e-02 -1.332054e-02
1.300000e+00 -2.444825e-02 2.976164e-02 2.020778e-02 1.661264e-02 1.127857e-02 -1.371077e-02
1.350000e+00 -2.342424e-02 3.057532e-02 2.075971e-02 1.591749e-02 1.080601e-02 -1.408511e-02
1.400000e+00 -2.237322e-02 3.135379e-02 2.128770e-02 1.520403e-02 1.032104e-02 -1.444313e-02
1.450000e+00 -2.129639e-02 3.209615e-02 2.179113e-02 1.447310e-02 9.824214e-03 -1.478443e-02
1.500000e+00 -2.019501e-02 3.280156e-02 2.226943e-02 1.372554e-02 9.316110e-03 -1.510861e-02
1.550000e+00 -1.907035e-02 3.346920e-02 2.272205e-02 1.296222e-02 8.797322e-03 -1.541530e-02
1.600000e+00 -1.792369e-02 3.409831e-02 2.314847e-02 1.218401e-02 8.268453e-03 -1.570413e-02
1.650000e+00 -1.675636e-02 3.468815e-02 2.354820e-02 1.139183e-02 7.730119e-03 -1.597479e-02
1.700000e+00 -1.556970e-02 3.523807e-02 2.392079e-02 1.058658e-02 7.182947e-03 -1.622696e-02
1.750000e+00 -1.436510e-02 3.574742e-02 2.426581e-02 9.769201e-03 6.627574e-03 -1.646035e-02
1.800000e+00 -1.314392e-02 3.621563e-02 2.458286e-02 8.940638e-03 6.064648e-03 -1.667470e-02
1.850000e+00 -1.190758e-02 3.664215e-02 2.487159e-02 8.101848e-03 5.494823e-03 -1.686975e-02
1.900000e+00 -1.065751e-02 3.702650e-02 2.513167e-02 7.253802e-03 4.918762e-03 -1.704530e-02
1.950000e+00 -9.395146e-03 3.736824e-02 2.536280e-02 6.397481e-03 4.337137e-03 -1.720113e-02
2.000000e+00 -8.121937e-03 3.766699e-02 2.556472e-02 5.533874e-03 3.750624e-03 -1.733709e-02
2.050000e+00 -6.839352e-03 3.792239e-02 2.573720e-02 4.663981e-03 3.159905e-03 -1.745300e-02
2.100000e+00 -5.548868e-03 3.813417e-02 2.588006e-02 3.788805e-03 2.565667e-03 -1.754875e-02
2.150000e+00 -4.251971e-03 3.830208e-02 2.599313e-02 2.909358e-03 1.968602e-03 -1.762423e-02
2.200000e+00 -2.950153e-03 3.842593e-02 2.607628e-02 2.026655e-03 1.369404e-03 -1.767936e-02
2.250000e+00 -1.644911e-03 3.850559e-02 2.612944e-02 1.141716e-03 7.687671e-04 -1.771409e-02
2.300000e+00 -3.377475e-04 3.854097e-02 2.615255e-02 2.555627e-04 1.673907e-04 -1.772837e-02
2.350000e+00 9.698344e-04 3.853203e-02 2.614558e-02 -6.307839e-04 -4.340279e-04 -1.772221e-02
2.400000e+00 2.276331e-03 3.847879e-02 2.610855e-02 -1.516301e-03 -1.034791e-03 -1.769561e-02
2.450000e+00 3.580242e-03 3.838132e-02 2.604152e-02 -2.399968e-03 -1.634201e-03 -1.764862e-02
2.500000e+00 4.880067e-03 3.823972e-02 2.594457e-02 -3.280767e-03 -2.231565e-03 -1.758129e-02
2.550000e+00 6.174313e-03 3.805418e-02 2.581782e-02 -4.157682e-03 -2.826190e-03 -1.749373e-02
2.600000e+00 7.461496e-03 3.782491e-02 2.566141e-02 -5.029706e-03 -3.417388e-03 -1.738602e-02
2.650000e+00 8.740135e-03 3.755218e-02 2.547556e-02 -5.895834e-03 -4.004476e-03 -1.725832e-02
2.700000e+00 1.000876e-02 3.723631e-02 2.526046e-02 -6.755070e-03 -4.586775e-03 -1.711078e-02
2.750000e+00 1.126593e-02 3.687766e-02 2.501639e-02 -7.606427e-03 -5.163613e-03 -1.694358e-02
2.800000e+00 1.251018e-02 3.647666e-02 2.474363e-02 -8.448926e-03 -5.734324e-03 -1.675691e-02
2.850000e+00 1.374010e-02 3.603377e-02 2.444250e-02 -9.281601e-03 -6.298252e-03 -1.655102e-02
2.900000e+00 1.495428e-02 3.554950e-02 2.411337e-02 -1.010350e-02 -6.854746e-03 -1.632614e-02
2.950000e+00 1.615132e-02 3.502443e-02 2.375661e-02 -1.091367e-02 -7.403167e-03 -1.608256e-02
3.000000e+00 1.732986e-02 3.445915e-02 2.337265e-02 -1.171119e-02 -7.942885e-03 -1.582055e-02
3.050000e+00 1.848854e-02 3.385433e-02 2.296194e-02 -1.249515e-02 -8.473280e-03 -1.554043e-02
3.100000e+00 1.962604e-02 3.321065e-02 2.252496e-02 -1.326465e-02 -8.993744e-03 -1.524254e-02
3.150000e+00 2.074106e-02 3.252888e-02 2.206223e-02 -1.401881e-02 -9.503683e-03 -1.492724e-02
3.200000e+00 2.183232e-02 3.180979e-02 2.157428e-02 -1.475677e-02 -1.000251e-02 -1.459489e-02
3.250000e+00 2.289857e-02 3.105422e-02 2.106168e-02 -1.547768e-02 -1.048966e-02 -1.424590e-02
3.300000e+00 2.393861e-02 3.026303e-02 2.052503e-02 -1.618073e-02 -1.096458e-02 -1.388067e-02
3.350000e+00 2.495124e-02 2.943715e-02 1.996496e-02 -1.686511e-02 -1.142673e-02 -1.349963e-02
3.400000e+00 2.593530e-02 2.857752e-02 1.938213e-02 -1.753005e-02 -1.187557e-02 -1.310325e-02
3.450000e+00 2.688967e-02 2.768514e-02 1.877720e-02 -1.817478e-02 -1.231061e-02 -1.269198e-02
3.500000e+00 2.781328e-02 2.676102e-02 1.815088e-02 -1.879859e-02 -1.273135e-02 -1.226630e-02
3.550000e+00 2.870505e-02 2.580625e-02 1.750389e-02 -1.940075e-02 -1.313732e-02 -1.182673e-02
3.600000e+00 2.956399e-02 2.482191e-02 1.683700e-02 -1.998059e-02 -1.352805e-02 -1.137377e-02
3.650000e+00 3.038911e-02 2.380914e-02 1.615097e-02 -2.053745e-02 -1.390312e-02 -1.090795e-02
3.700000e+00 3.117948e-02 2.276911e-02 1.544659e-02 -2.107071e-02 -1.426209e-02 -1.042983e-02
3.750000e+00 3.193419e-02 2.170300e-02 1.472468e-02 -2.157975e-02 -1.460457e-02 -9.939957e-03
3.800000e+00 3.265240e-02 2.061204e-02 1.398608e-02 -2.206402e-02 -1.493018e-02 -9.438904e-03
3.850000e+00 3.333328e-02 1.949749e-02 1.323163e-02 -2.252296e-02 -1.523855e-02 -8.927255e-03
3.900000e+00 3.397607e-02 1.836062e-02 1.246222e-02 -2.295606e-02 -1.552934e-02 -8.405607e-03
3.950000e+00 3.458004e-02 1.720274e-02 1.167872e-02 -2.336284e-02 -1.580223e-02 -7.874566e-03
4.000000e+00 3.514451e-02 1.602518e-02 1.088203e-02 -2.374284e-02 -1.605693e-02 -7.334748e-03
4.050000e+00 3.566885e-02 1.482928e-02 1.007309e-02 -2.409563e-02 -1.629315e-02 -6.786779e-03
4.100000e+00 3.615245e-02 1.361641e-02 9.252804e-03 -2.442084e-02 -1.651064e-02 -6.231293e-03
4.150000e+00 3.659478e-02 1.238797e-02 8.422131e-03 -2.471809e-02 -1.670916e-02 -5.668932e-03
4.200000e+00 3.699534e-02 1.114536e-02 7.582019e-03 -2.498706e-02 -1.688850e-02 -5.100346e-03
4.250000e+00 3.735368e-02 9.889996e-03 6.733434e-03 -2.522746e-02 -1.704847e-02 -4.526190e-03
4.300000e+00 3.766941e-02 8.623319e-03 5.877348e-03 -2.543902e-02 -1.718891e-02 -3.947125e-03
4.350000e+00 3.794217e-02 7.346775e-03 5.014741e-03 -2.562152e-02 -1.730966e-02 -3.363817e-03
4.400000e+00 3.817166e-02 6.061822e-03 4.146601e-03 -2.577476e-02 -1.741060e-02 -2.776936e-03
4.450000e+00 3.835762e-02 4.769928e-03 3.273921e-03 -2.589858e-02 -1.749165e-02 -2.187155e-03
4.500000e+00 3.849987e-02 3.472566e-03 2.397699e-03 -2.599285e-02 -1.755271e-02 -1.595149e-03
4.550000e+00 3.859823e-02 2.171217e-03 1.518934e-03 -2.605747e-02 -1.759373e-02 -1.001595e-03
4.600000e+00 3.865261e-02 8.673634e-04 6.386289e-04 -2.609240e-02 -1.761469e-02 -4.071707e-04
4.650000e+00 3.866296e-02 -4.375076e-04 -2.422119e-04 -2.609759e-02 -1.761558e-02 1.874450e-04
4.700000e+00 3.862928e-02 -1.741910e-03 -1.122586e-03 -2.607307e-02 -1.759641e-02 7.815754e-04
4.750000e+00 3.855161e-02 -3.044359e-03 -2.001490e-03 -2.601886e-02 -1.755722e-02 1.374544e-03
4.800000e+00 3.843005e-02 -4.343372e-03 -2.877925e-03 -2.593505e-02 -1.749806e-02 1.965679e-03
4.850000e+00 3.826475e-02 -5.637471e-03 -3.750896e-03 -2.582175e-02 -1.741904e-02 2.554308e-03
4.900000e+00 3.805590e-02 -6.925185e-03 -4.619410e-03 -2.567909e-02 -1.732024e-02 3.139764e-03
4.950000e+00 3.780376e-02 -8.205051e-03 -5.482483e-03 -2.550725e-02 -1.720179e-02 3.721386e-03
5.000000e+00 3.750862e-02 -9.475614e-03 -6.339136e-03 -2.530644e-02 -1.706386e-02 4.298516e-03
5.050000e+00 3.717083e-02 -1.073543e-02 -7.188399e-03 -2.507691e-02 -1.690660e-02 4.870504e-03
5.100000e+00 3.679077e-02 -1.198307e-02 -8.029311e-03 -2.481892e-02 -1.673021e-02 5.436704e-03
5.150000e+00 3.636889e-02 -1.321713e-02 -8.860919e-03 -2.453278e-02 -1.653492e-02 5.996479e-03
5.200000e+00 3.590567e-02 -1.443619e-02 -9.682286e-03 -2.421883e-02 -1.632094e-02 6.549201e-03
5.250000e+00 3.540166e-02 -1.563888e-02 -1.049248e-02 -2.387744e-02 -1.608854e-02 7.094250e-03
5.300000e+00 3.485743e-02 -1.682384e-02 -1.129060e-02 -2.350901e-02 -1.583801e-02 7.631014e-03
5.350000e+00 3.427361e-02 -1.798972e-02 -1.207573e-02 -2.311396e-02 -1.556962e-02 8.158892e-03
5.400000e+00 3.365087e-02 -1.913521e-02 -1.284699e-02 -2.269275e-02 -1.528370e-02 8.677296e-03
5.450000e+00 3.298992e-02 -2.025900e-02 -1.360352e-02 -2.224588e-02 -1.498060e-02 9.185645e-03
5.500000e+00 3.229152e-02 -2.135983e-02 -1.434446e-02 -2.177386e-02 -1.466065e-02 9.683375e-03
5.550000e+00 3.155648e-02 -2.243646e-02 -1.506898e-02 -2.127724e-02 -1.432424e-02 1.016993e-02
5.600000e+00 3.078563e-02 -2.348767e-02 -1.577627e-02 -2.075658e-02 -1.397176e-02 1.064477e-02
5.650000e+00 2.997985e-02 -2.451226e-02 -1.646553e-02 -2.021250e-02 -1.360361e-02 1.110737e-02
5.700000e+00 2.914007e-02 -2.550909e-02 -1.713600e-02 -1.964560e-02 -1.322022e-02 1.155721e-02
5.750000e+00 2.826724e-02 -2.647703e-02 -1.778692e-02 -1.905655e-02 -1.282204e-02 1.199381e-02
5.800000e+00 2.736236e-02 -2.741499e-02 -1.841756e-02 -1.844602e-02 -1.240952e-02 1.241666e-02
5.850000e+00 2.642645e-02 -2.832191e-02 -1.902722e-02 -1.781471e-02 -1.198313e-02 1.282532e-02
5.900000e+00 2.546059e-02 -2.919676e-02 -1.961522e-02 -1.716333e-02 -1.154338e-02 1.321932e-02
5.950000e+00 2.446588e-02 -3.003858e-02 -2.018089e-02 -1.649264e-02 -1.109075e-02 1.359824e-02
6.000000e+00 2.344344e-02 -3.084640e-02 -2.072363e-02 -1.580340e-02 -1.062577e-02 1.396166e-02
6.050000e+00 2.239444e-02 -3.161932e-02 -2.124280e-02 -1.509638e-02 -1.014896e-02 1.430918e-02
6.100000e+00 2.132007e-02 -3.235647e-02 -2.173785e-02 -1.437241e-02 -9.660876e-03 1.464042e-02
6.150000e+00 2.022155e-02 -3.305702e-02 -2.220822e-02 -1.363230e-02 -9.162066e-03 1.495502e-02
6.200000e+00 1.910013e-02 -3.372019e-02 -2.265338e-02 -1.287689e-02 -8.653097e-03 1.525263e-02
6.250000e+00 1.795707e-02 -3.434523e-02 -2.307286e-02 -1.210703e-02 -8.134547e-03 1.553293e-02
6.300000e+00 1.679368e-02 -3.493145e-02 -2.346617e-02 -1.132361e-02 -7.607001e-03 1.579563e-02
6.350000e+00 1.561128e-02 -3.547817e-02 -2.383288e-02 -1.052752e-02 -7.071058e-03 1.604042e-02
6.400000e+00 1.441120e-02 -3.598480e-02 -2.417260e-02 -9.719639e-03 -6.527323e-03 1.626706e-02
6.450000e+00 1.319480e-02 -3.645077e-02 -2.448495e-02 -8.900899e-03 -5.976408e-03 1.647528e-02
6.500000e+00 1.196346e-02 -3.687555e-02 -2.476958e-02 -8.072222e-03 -5.418936e-03 1.666488e-02
6.550000e+00 1.071858e-02 -3.725868e-02 -2.502618e-02 -7.234545e-03 -4.855533e-03 1.683565e-02
6.600000e+00 9.461561e-03 -3.759971e-02 -2.525448e-02 -6.388813e-03 -4.286834e-03 1.698740e-02
6.650000e+00 8.193824e-03 -3.789829e-02 -2.545422e-02 -5.535982e-03 -3.713478e-03 1.711998e-02
6.700000e+00 6.916804e-03 -3.815407e-02 -2.562518e-02 -4.677014e-03 -3.136108e-03 1.723325e-02
6.750000e+00 5.631945e-03 -3.836676e-02 -2.576719e-02 -3.812878e-03 -2.555373e-03 1.732708e-02
6.800000e+00 4.340697e-03 -3.853615e-02 -2.588009e-02 -2.944547e-03 -1.971923e-03 1.740139e-02
6.850000e+00 3.044521e-03 -3.866204e-02 -2.596377e-02 -2.073001e-03 -1.386413e-03 1.745610e-02
6.900000e+00 1.744878e-03 -3.874429e-02 -2.601813e-02 -1.199220e-03 -7.994979e-04 1.749115e-02
6.950000e+00 4.432374e-04 -3.878281e-02 -2.604312e-02 -3.241890e-04 -2.118344e-04 1.750652e-02
7.000000e+00 -8.589331e-04 -3.877758e-02 -2.603872e-02 5.511085e-04 3.759200e-04 1.750219e-02
7.050000e+00 -2.160164e-03 -3.872859e-02 -2.600495e-02 1.425687e-03 9.631085e-04 1.747818e-02
7.100000e+00 -3.458987e-03 -3.863591e-02 -2.594184e-02 2.298565e-03 1.549075e-03 1.743451e-02
7.150000e+00 -4.753938e-03 -3.849965e-02 -2.584949e-02 3.168759e-03 2.133165e-03 1.737126e-02
7.200000e+00 -6.043557e-03 -3.831996e-02 -2.572799e-02 4.035292e-03 2.714727e-03 1.728849e-02
7.250000e+00 -7.326389e-03 -3.809706e-02 -2.557749e-02 4.897192e-03 3.293111e-03 1.718631e-02
7.300000e+00 -8.600990e-03 -3.783120e-02 -2.539816e-02 5.753489e-03 3.867674e-03 1.706482e-02
7.350000e+00 -9.865922e-03 -3.752267e-02 -2.519022e-02 6.603224e-03 4.437772e-03 1.692419e-02
7.400000e+00 -1.111976e-02 -3.717184e-02 -2.495390e-02 7.445441e-03 5.002773e-03 1.676456e-02
7.450000e+00 -1.236109e-02 -3.677911e-02 -2.468948e-02 8.279197e-03 5.562044e-03 1.658612e-02
7.500000e+00 -1.358852e-02 -3.634491e-02 -2.439725e-02 9.103555e-03 6.114964e-03 1.638907e-02
7.550000e+00 -1.480067e-02 -3.586974e-02 -2.407755e-02 9.917592e-03 6.660916e-03 1.617365e-02
7.600000e+00 -1.599616e-02 -3.535415e-02 -2.373074e-02 1.072039e-02 7.199292e-03 1.594009e-02
7.650000e+00 -1.717366e-02 -3.479870e-02 -2.335722e-02 1.151106e-02 7.729491e-03 1.568866e-02
7.700000e+00 -1.833183e-02 -3.420404e-02 -2.295741e-02 1.228871e-02 8.250925e-03 1.541965e-02
7.750000e+00 -1.946938e-02 -3.357084e-02 -2.253177e-02 1.305246e-02 8.763011e-03 1.513335e-02
7.800000e+00 -2.058502e-02 -3.289980e-02 -2.208077e-02 1.380146e-02 9.265179e-03 1.483010e-02
7.850000e+00 -2.167750e-02 -3.219169e-02 -2.160493e-02 1.453488e-02 9.756870e-03 1.451022e-02
7.900000e+00 -2.274560e-02 -3.144731e-02 -2.110478e-02 1.525189e-02 1.023754e-02 1.417409e-02
7.950000e+00 -2.378810e-02 -3.066750e-02 -2.058089e-02 1.595168e-02 1.070664e-02 1.382209e-02
8.000000e+00 -2.480384e-02 -2.985313e-02 -2.003385e-02 1.663348e-02 1.116366e-02 1.345459e-02
8.050000e+00 -2.579167e-02 -2.900513e-02 -1.946428e-02 1.729651e-02 1.160809e-02 1.307203e-02
8.100000e+00 -2.675048e-02 -2.812446e-02 -1.887282e-02 1.794005e-02 1.203943e-02 1.267483e-02
8.150000e+00 -2.767920e-02 -2.721210e-02 -1.826014e-02 1.856336e-02 1.245720e-02 1.226343e-02
8.200000e+00 -2.857678e-02 -2.626908e-02 -1.762693e-02 1.916574e-02 1.286094e-02 1.183830e-02
8.250000e+00 -2.944220e-02 -2.529648e-02 -1.697389e-02 1.974653e-02 1.325019e-02 1.139991e-02
8.300000e+00 -3.027451e-02 -2.429537e-02 -1.630177e-02 2.030508e-02 1.362452e-02 1.094875e-02
8.350000e+00 -3.107276e-02 -2.326690e-02 -1.561133e-02 2.084075e-02 1.398352e-02 1.048533e-02
8.400000e+00 -3.183605e-02 -2.221221e-02 -1.490333e-02 2.135294e-02 1.432677e-02 1.001017e-02
8.450000e+00 -3.256353e-02 -2.113250e-02 -1.417859e-02 2.184110e-02 1.465390e-02 9.523808e-03
8.500000e+00 -3.325437e-02 -2.002899e-02 -1.343790e-02 2.230466e-02 1.496455e-02 9.026779e-03
8.550000e+00 -3.390781e-02 -1.890291e-02 -1.268211e-02 2.274310e-02 1.525836e-02 8.519642e-03
8.600000e+00 -3.452311e-02 -1.775553e-02 -1.191206e-02 2.315595e-02 1.553501e-02 8.002967e-03
8.650000e+00 -3.509957e-02 -1.658815e-02 -1.112863e-02 2.354273e-02 1.579418e-02 7.477333e-03
8.700000e+00 -3.563655e-02 -1.540207e-02 -1.033269e-02 2.390301e-02 1.603559e-02 6.943329e-03
8.750000e+00 -3.613345e-02 -1.419864e-02 -9.525142e-03 2.423640e-02 1.625896e-02 6.401553e-03
8.800000e+00 -3.658970e-02 -1.297921e-02 -8.706887e-03 2.454250e-02 1.646405e-02 5.852613e-03
8.850000e+00 -3.700480e-02 -1.174514e-02 -7.878849e-03 2.482099e-02 1.665063e-02 5.297125e-03
8.900000e+00 -3.737827e-02 -1.049784e-02 -7.041959e-03 2.507156e-02 1.681848e-02 4.735711e-03
8.950000e+00 -3.770970e-02 -9.238695e-03 -6.197158e-03 2.529391e-02 1.696742e-02 4.169002e-03
9.000000e+00 -3.799872e-02 -7.969130e-03 -5.345396e-03 2.548781e-02 1.709728e-02 3.597633e-03
9.050000e+00 -3.824500e-02 -6.690571e-03 -4.487631e-03 2.565304e-02 1.720791e-02 3.022245e-03
9.100000e+00 -3.844826e-02 -5.404458e-03 -3.624827e-03 2.578940e-02 1.729919e-02 2.443485e-03
9.150000e+00 -3.860828e-02 -4.112237e-03 -2.757954e-03 2.589676e-02 1.737102e-02 1.862003e-03
9.200000e+00 -3.872487e-02 -2.815361e-03 -1.887988e-03 2.597499e-02 1.742331e-02 1.278452e-03
