0.000000 1.000000
0.014014 1.001003
0.028028 1.002006
0.042042 1.003012
0.056056 1.004018
0.070070 1.005025
0.084084 1.006031
0.098098 1.007037
0.112112 1.008043
0.126126 1.009050
0.140140 1.010056
0.154154 1.011062
0.168168 1.012082
0.182182 1.013104
0.196196 1.014125
0.210210 1.015147
0.224224 1.016169
0.238238 1.017190
0.252252 1.018212
0.266266 1.019234
0.280280 1.020256
0.294294 1.021277
0.308308 1.022299
0.322322 1.023321
0.336336 1.024342
0.350350 1.025364
0.364364 1.026386
0.378378 1.027407
0.392392 1.028429
0.406406 1.029451
0.420420 1.030473
0.434434 1.031494
0.448448 1.032516
0.462462 1.033538
0.476476 1.034559
0.490490 1.035581
0.504505 1.036603
0.518519 1.037624
0.532533 1.038646
0.546547 1.039668
0.560561 1.040690
0.574575 1.041711
0.588589 1.042733
0.602603 1.043755
0.616617 1.044776
0.630631 1.045798
0.644645 1.046820
0.658659 1.047841
0.672673 1.048863
0.686687 1.049885
0.700701 1.050907
0.714715 1.051928
0.728729 1.052950
0.742743 1.053972
0.756757 1.054993
0.770771 1.056015
0.784785 1.057057
0.798799 1.058152
0.812813 1.059247
0.826827 1.060342
0.840841 1.061437
0.854855 1.062532
0.868869 1.063627
0.882883 1.064722
0.896897 1.065817
0.910911 1.066912
0.924925 1.068007
0.938939 1.069102
0.952953 1.070197
0.966967 1.071292
0.980981 1.072387
0.994995 1.073482
1.009009 1.074577
1.023023 1.075672
1.037037 1.076767
1.051051 1.077862
1.065065 1.078957
1.079079 1.080053
1.093093 1.081148
1.107107 1.082243
1.121121 1.083338
1.135135 1.084433
1.149149 1.085528
1.163163 1.086623
1.177177 1.087718
1.191191 1.088813
1.205205 1.089908
1.219219 1.091003
1.233233 1.092098
1.247247 1.093193
1.261261 1.094288
1.275275 1.095383
1.289289 1.096478
1.303303 1.097573
1.317317 1.098668
1.331331 1.099763
1.345345 1.100858
1.359359 1.101954
1.373373 1.103049
1.387387 1.104144
1.401401 1.105239
1.415415 1.106334
1.429429 1.107429
1.443443 1.108524
1.457457 1.109619
1.471471 1.110714
1.485485 1.111809
1.499499 1.112904
1.513514 1.113999
1.527528 1.115094
1.541542 1.116189
1.555556 1.117284
1.569570 1.118379
1.583584 1.119474
1.597598 1.120569
1.611612 1.121664
1.625626 1.122759
1.639640 1.123854
1.653654 1.124950
1.667668 1.126045
1.681682 1.127140
1.695696 1.128235
1.709710 1.129330
1.723724 1.130425
1.737738 1.131520
1.751752 1.132615
1.765766 1.133710
1.779780 1.134805
1.793794 1.135900
1.807808 1.136995
1.821822 1.138090
1.835836 1.139185
1.849850 1.140280
1.863864 1.141375
1.877878 1.142470
1.891892 1.143565
1.905906 1.144660
1.919920 1.145755
1.933934 1.146850
1.947948 1.147946
1.961962 1.149041
1.975976 1.150136
1.989990 1.151231
2.004004 1.152326
2.018018 1.153421
2.032032 1.154516
2.046046 1.155611
2.060060 1.156706
2.074074 1.157801
2.088088 1.158896
2.102102 1.159991
2.116116 1.161086
2.130130 1.162181
2.144144 1.163276
2.158158 1.164371
2.172172 1.165466
2.186186 1.166561
2.200200 1.167656
2.214214 1.168751
2.228228 1.169847
2.242242 1.170942
2.256256 1.172037
2.270270 1.173132
2.284284 1.174227
2.298298 1.175322
2.312312 1.176417
2.326326 1.177512
2.340340 1.178607
2.354354 1.179702
2.368368 1.180797
2.382382 1.181892
2.396396 1.182987
2.410410 1.184082
2.424424 1.185177
2.438438 1.186272
2.452452 1.187367
2.466466 1.188462
2.480480 1.189557
2.494494 1.190652
2.508508 1.191747
2.522522 1.192843
2.536536 1.193938
2.550550 1.195033
2.564564 1.196128
2.578578 1.197223
2.592592 1.198318
2.606607 1.199413
2.620621 1.200508
2.634635 1.201603
2.648649 1.202698
2.662663 1.203793
2.676677 1.204888
2.690691 1.205983
2.704705 1.207078
2.718719 1.208173
2.732733 1.209268
2.746747 1.210363
2.760761 1.211458
2.774775 1.212553
2.788789 1.213648
2.802803 1.214743
2.816817 1.215839
2.830831 1.216934
2.844845 1.218029
2.858859 1.219124
2.872873 1.220219
2.886887 1.221314
2.900901 1.222409
2.914915 1.223504
2.928929 1.224599
2.942943 1.225694
2.956957 1.226789
2.970971 1.227884
2.984985 1.228979
2.998999 1.230074
3.013013 1.231169
3.027027 1.232264
3.041041 1.233359
3.055055 1.234454
3.069069 1.235549
3.083083 1.236644
3.097097 1.237740
3.111111 1.238835
3.125125 1.239930
3.139139 1.241025
3.153153 1.242120
3.167167 1.243215
3.181181 1.244310
3.195195 1.245405
3.209209 1.246500
3.223223 1.247595
3.237237 1.248690
3.251251 1.249785
3.265265 1.250880
3.279279 1.251975
3.293293 1.253070
3.307307 1.254229
3.321321 1.255576
3.335335 1.256923
3.349349 1.258270
3.363363 1.259618
3.377377 1.260965
3.391391 1.262312
3.405406 1.263659
3.419420 1.265006
3.433434 1.266353
3.447448 1.267700
3.461462 1.269047
3.475476 1.270394
3.489490 1.271742
3.503504 1.273089
3.517518 1.274436
3.531532 1.275783
3.545546 1.277130
3.559560 1.278477
3.573574 1.279824
3.587588 1.281171
3.601602 1.282518
3.615616 1.283865
3.629630 1.285213
3.643644 1.286560
3.657658 1.287907
3.671672 1.289254
3.685686 1.290601
3.699700 1.291948
3.713714 1.293295
3.727728 1.294642
3.741742 1.295989
3.755756 1.297336
3.769770 1.298684
3.783784 1.300031
3.797798 1.301378
3.811812 1.302725
3.825826 1.304072
3.839840 1.305419
3.853854 1.306766
3.867868 1.308113
3.881882 1.309460
3.895896 1.310808
3.909910 1.312155
3.923924 1.313502
3.937938 1.314849
3.951952 1.316196
3.965966 1.317543
3.979980 1.318890
3.993994 1.320237
4.008008 1.321584
4.022022 1.322931
4.036036 1.324279
4.050050 1.325626
4.064064 1.326973
4.078078 1.328320
4.092092 1.329667
4.106106 1.331014
4.120120 1.332361
4.134134 1.333708
4.148148 1.335055
4.162162 1.336403
4.176176 1.337750
4.190190 1.339097
4.204204 1.340444
4.218218 1.341791
4.232232 1.343138
4.246246 1.344485
4.260260 1.345832
4.274274 1.347179
4.288288 1.348526
4.302302 1.349874
4.316316 1.351221
4.330330 1.352568
4.344344 1.353915
4.358358 1.355262
4.372372 1.356609
4.386386 1.357956
4.400401 1.359303
4.414414 1.360650
4.428429 1.361997
4.442442 1.363345
4.456457 1.364692
4.470470 1.366039
4.484485 1.367386
4.498498 1.368733
4.512513 1.370080
4.526526 1.371427
4.540541 1.372774
4.554554 1.374121
4.568569 1.375469
4.582582 1.376816
4.596597 1.378163
4.610610 1.379510
4.624625 1.380857
4.638638 1.382204
4.652653 1.383551
4.666667 1.384898
4.680681 1.386245
4.694695 1.387592
4.708709 1.388940
4.722723 1.390287
4.736737 1.391634
4.750751 1.392981
4.764765 1.394328
4.778779 1.395675
4.792793 1.397022
4.806807 1.398369
4.820821 1.399716
4.834835 1.401064
4.848849 1.402411
4.862863 1.403758
4.876877 1.405105
4.890891 1.406452
4.904905 1.407799
4.918919 1.409146
4.932933 1.410493
4.946947 1.411840
4.960961 1.413187
4.974975 1.414535
4.988989 1.415882
5.003003 1.417229
5.017017 1.418576
5.031031 1.419923
5.045045 1.421270
5.059059 1.422617
5.073073 1.423964
5.087087 1.425311
5.101101 1.426658
5.115115 1.428006
5.129129 1.429353
5.143143 1.430700
5.157157 1.432047
5.171171 1.433394
5.185185 1.434741
5.199199 1.436088
5.213213 1.437435
5.227227 1.438782
5.241241 1.440130
5.255255 1.441477
5.269269 1.442824
5.283283 1.444171
5.297297 1.445518
5.311311 1.446865
5.325325 1.448212
5.339339 1.449559
5.353354 1.450906
5.367367 1.452253
5.381382 1.453601
5.395395 1.454948
5.409410 1.456295
5.423423 1.457642
5.437438 1.458989
5.451451 1.460336
5.465466 1.461683
5.479479 1.463030
5.493494 1.464377
5.507507 1.465724
5.521522 1.467072
5.535535 1.468419
5.549550 1.469766
5.563563 1.471113
5.577578 1.472460
5.591591 1.473807
5.605606 1.475154
5.619620 1.476501
5.633634 1.477848
5.647648 1.479196
5.661662 1.480543
5.675676 1.481890
5.689690 1.483237
5.703704 1.484584
5.717718 1.485931
5.731732 1.487278
5.745746 1.488625
5.759760 1.489972
5.773774 1.491319
5.787788 1.492667
5.801802 1.494014
5.815816 1.495361
5.829830 1.496708
5.843844 1.498055
5.857858 1.499402
5.871872 1.500749
5.885886 1.502096
5.899900 1.503443
5.913914 1.504790
5.927928 1.506138
5.941942 1.507485
5.955956 1.508832
5.969970 1.510179
5.983984 1.511526
5.997998 1.512873
6.012012 1.514220
6.026026 1.515567
6.040040 1.516914
6.054054 1.518262
6.068068 1.519609
6.082082 1.520956
6.096096 1.522303
6.110110 1.523650
6.124124 1.524997
6.138138 1.526344
6.152152 1.527691
6.166166 1.529038
6.180180 1.530385
6.194194 1.531733
6.208208 1.533080
6.222222 1.534427
6.236236 1.535774
6.250250 1.537121
6.264264 1.538468
6.278278 1.539815
6.292292 1.541162
6.306306 1.542509
6.320320 1.543856
6.334334 1.545204
6.348348 1.546551
6.362362 1.547898
6.376376 1.549245
6.390390 1.550592
6.404405 1.551939
6.418418 1.553286
6.432433 1.554633
6.446446 1.555980
6.460461 1.557328
6.474474 1.558675
6.488489 1.560022
6.502502 1.561369
6.516517 1.562716
6.530530 1.564063
6.544545 1.565410
6.558558 1.566757
6.572573 1.568104
6.586586 1.569451
6.600601 1.570799
6.614614 1.572146
6.628629 1.573493
6.642642 1.574840
6.656657 1.576187
6.670671 1.577534
6.684685 1.578881
6.698699 1.580228
6.712713 1.581575
6.726727 1.582922
6.740741 1.584270
6.754755 1.585617
6.768769 1.586964
6.782783 1.588311
6.796797 1.589658
6.810811 1.591005
6.824825 1.592352
6.838839 1.593699
6.852853 1.595046
6.866867 1.596394
6.880881 1.597741
6.894895 1.599088
6.908909 1.600435
6.922923 1.601782
6.936937 1.603129
6.950951 1.604476
6.964965 1.605823
6.978979 1.607170
6.992993 1.608517
7.007007 1.609865
7.021021 1.611212
7.035035 1.612559
7.049049 1.613906
7.063063 1.615253
7.077077 1.616600
7.091091 1.617947
7.105105 1.619294
7.119119 1.620641
7.133133 1.621988
7.147147 1.623336
7.161161 1.624683
7.175175 1.626030
7.189189 1.627377
7.203203 1.628724
7.217217 1.630071
7.231231 1.631418
7.245245 1.632765
7.259259 1.634112
7.273273 1.635460
7.287287 1.636807
7.301301 1.638154
7.315315 1.639501
7.329329 1.640848
7.343343 1.642195
7.357358 1.643542
7.371371 1.644889
7.385386 1.646236
7.399399 1.647583
7.413414 1.648931
7.427427 1.650278
7.441442 1.651625
7.455455 1.652972
7.469470 1.654319
7.483483 1.655666
7.497498 1.657013
7.511511 1.658360
7.525526 1.659707
7.539539 1.661054
7.553554 1.662402
7.567567 1.663749
7.581582 1.665096
7.595595 1.666443
7.609610 1.667790
7.623624 1.669137
7.637638 1.670484
7.651652 1.671831
7.665666 1.673178
7.679680 1.674526
7.693694 1.675873
7.707708 1.677220
7.721722 1.678567
7.735736 1.679914
7.749750 1.681261
7.763764 1.682608
7.777778 1.683955
7.791792 1.685302
7.805806 1.686649
7.819820 1.687997
7.833834 1.689344
7.847848 1.690691
7.861862 1.692038
7.875876 1.693385
7.889890 1.694732
7.903904 1.696079
7.917918 1.697426
7.931932 1.698773
7.945946 1.700120
7.959960 1.701468
7.973974 1.702815
7.987988 1.704162
8.002002 1.705509
8.016016 1.706856
8.030030 1.708203
8.044044 1.709550
8.058058 1.710897
8.072072 1.712244
8.086086 1.713592
8.100101 1.714939
8.114114 1.716286
8.128128 1.717633
8.142142 1.718980
8.156157 1.720327
8.170170 1.721674
8.184184 1.723021
8.198198 1.724368
8.212213 1.725716
8.226226 1.727063
8.240240 1.728410
8.254254 1.729757
8.268269 1.731104
8.282282 1.732451
8.296296 1.733798
8.310310 1.735145
8.324325 1.736492
8.338338 1.737839
8.352352 1.739187
8.366366 1.740534
8.380381 1.741881
8.394394 1.743228
8.408408 1.744575
8.422422 1.745922
8.436437 1.747269
8.450451 1.748616
8.464464 1.749963
8.478478 1.751310
8.492493 1.752658
8.506507 1.754005
8.520520 1.755352
8.534534 1.756699
8.548549 1.758046
8.562563 1.759393
8.576576 1.760740
8.590590 1.762087
8.604605 1.763434
8.618619 1.764782
8.632632 1.766129
8.646646 1.767476
8.660661 1.768823
8.674675 1.770170
8.688688 1.771517
8.702703 1.772864
8.716717 1.774211
8.730731 1.775558
8.744744 1.776905
8.758759 1.778253
8.772773 1.779600
8.786787 1.780947
8.800801 1.782294
8.814815 1.783641
8.828829 1.784988
8.842843 1.786335
8.856857 1.787682
8.870871 1.789029
8.884885 1.790376
8.898899 1.791724
8.912913 1.793071
8.926927 1.794418
8.940941 1.795765
8.954955 1.797112
8.968969 1.798660
8.982983 1.800469
8.996997 1.802277
9.011011 1.804086
9.025025 1.805895
9.039039 1.807703
9.053053 1.809512
9.067067 1.811320
9.081081 1.813129
9.095095 1.814938
9.109109 1.816746
9.123123 1.818555
9.137137 1.820363
9.151151 1.822172
9.165165 1.823981
9.179179 1.825789
9.193193 1.827598
9.207208 1.829407
9.221221 1.831215
9.235235 1.833024
9.249249 1.834832
9.263264 1.836641
9.277277 1.838449
9.291291 1.840258
9.305305 1.842067
9.319320 1.843875
9.333333 1.845684
9.347347 1.847493
9.361362 1.849301
9.375376 1.851110
9.389389 1.852918
9.403403 1.854727
9.417418 1.856536
9.431432 1.858344
9.445445 1.860153
9.459459 1.861961
9.473474 1.863770
9.487488 1.865579
9.501501 1.867387
9.515515 1.869196
9.529530 1.871004
9.543544 1.872813
9.557557 1.874622
9.571571 1.876430
9.585586 1.878239
9.599600 1.880048
9.613614 1.881856
9.627627 1.883665
9.641642 1.885473
9.655656 1.887282
9.669670 1.889091
9.683683 1.890899
9.697698 1.892708
9.711712 1.894516
9.725726 1.896325
9.739739 1.898134
9.753754 1.899942
9.767768 1.901751
9.781782 1.903560
9.795795 1.905368
9.809810 1.907177
9.823824 1.908985
9.837838 1.910794
9.851851 1.912602
9.865866 1.914411
9.879880 1.916220
9.893894 1.918028
9.907907 1.919837
9.921922 1.921646
9.935936 1.923454
9.949950 1.925263
9.963964 1.927071
9.977978 1.928880
9.991992 1.930689
10.006006 1.932497
10.020020 1.934306
10.034034 1.936114
10.048048 1.937923
10.062062 1.939732
10.076077 1.941540
10.090090 1.943349
10.104104 1.945157
10.118118 1.946966
10.132133 1.948775
10.146146 1.950583
10.160160 1.952392
10.174174 1.954201
10.188189 1.956009
10.202202 1.957818
10.216216 1.959626
10.230230 1.961435
10.244245 1.963244
10.258258 1.965052
10.272272 1.966861
10.286286 1.968669
10.300301 1.970478
10.314314 1.972287
10.328328 1.974095
10.342342 1.975904
10.356357 1.977713
10.370370 1.979521
10.384384 1.981330
10.398398 1.983138
10.412413 1.984947
10.426427 1.986756
10.440440 1.988564
10.454454 1.990373
10.468469 1.992181
10.482483 1.993990
10.496496 1.995799
10.510510 1.997607
10.524525 1.999416
10.538539 2.001224
10.552552 2.003033
10.566566 2.004842
10.580581 2.006650
10.594595 2.008459
10.608608 2.010267
10.622622 2.012076
10.636637 2.013885
10.650651 2.015693
10.664664 2.017502
10.678679 2.019310
10.692693 2.021119
10.706707 2.022928
10.720720 2.024736
10.734735 2.026545
10.748749 2.028354
10.762763 2.030162
10.776776 2.031971
10.790791 2.033779
10.804805 2.035588
10.818819 2.037397
10.832833 2.039205
10.846847 2.041014
10.860861 2.042822
10.874875 2.044631
10.888889 2.046440
10.902903 2.048248
10.916917 2.050057
10.930931 2.051866
10.944945 2.053674
10.958959 2.055483
10.972973 2.057291
10.986987 2.059100
11.001001 2.060909
11.015015 2.062717
11.029029 2.064526
11.043043 2.066334
11.057057 2.068143
11.071071 2.069952
11.085085 2.071760
11.099099 2.073569
11.113113 2.075377
11.127127 2.077186
11.141141 2.078995
11.155155 2.080803
11.169169 2.082612
11.183183 2.084420
11.197197 2.086229
11.211211 2.088038
11.225225 2.089846
11.239240 2.091655
11.253253 2.093463
11.267267 2.095272
11.281281 2.097081
11.295296 2.098889
11.309309 2.100698
11.323323 2.102507
11.337337 2.104315
11.351352 2.106124
11.365365 2.107932
11.379379 2.109741
11.393394 2.111550
11.407408 2.113358
11.421421 2.115167
11.435435 2.116975
11.449450 2.118784
11.463464 2.120593
11.477477 2.122401
11.491491 2.124210
11.505506 2.126019
11.519520 2.127827
11.533533 2.129636
11.547547 2.131444
11.561562 2.133253
11.575576 2.135062
11.589589 2.136870
11.603603 2.138679
11.617618 2.140487
11.631632 2.142296
11.645646 2.144105
11.659659 2.145913
11.673674 2.147722
11.687688 2.149530
11.701702 2.151339
11.715715 2.153148
11.729730 2.154956
11.743744 2.156765
11.757758 2.158574
11.771771 2.160382
11.785786 2.162191
11.799800 2.163999
11.813814 2.165808
11.827827 2.167616
11.841842 2.169425
11.855856 2.171234
11.869870 2.173042
11.883883 2.174851
11.897898 2.176660
11.911912 2.178468
11.925926 2.180277
11.939939 2.182085
11.953954 2.183894
11.967968 2.185703
11.981982 2.187511
11.995996 2.189320
12.010010 2.191128
12.024024 2.192937
12.038038 2.194746
12.052052 2.196554
12.066066 2.198363
12.080080 2.200171
12.094094 2.201980
12.108109 2.203789
12.122122 2.205597
12.136136 2.207406
12.150150 2.209215
12.164165 2.211023
12.178178 2.212832
12.192192 2.214640
12.206206 2.216449
12.220221 2.218258
12.234234 2.220066
12.248248 2.221875
12.262262 2.223683
12.276277 2.225492
12.290290 2.227301
12.304304 2.229109
12.318318 2.230918
12.332333 2.232727
12.346346 2.234535
12.360360 2.236344
12.374374 2.238152
12.388389 2.239961
12.402403 2.241770
12.416416 2.243578
12.430430 2.245387
12.444445 2.247195
12.458459 2.249004
12.472472 2.250813
12.486486 2.252621
12.500501 2.254430
12.514515 2.256238
12.528528 2.258047
12.542542 2.259856
12.556557 2.261664
12.570571 2.263473
12.584584 2.265281
12.598598 2.267090
12.612613 2.268899
12.626627 2.270707
12.640640 2.272516
12.654655 2.274324
12.668669 2.276133
12.682683 2.277942
12.696696 2.279750
12.710711 2.281559
12.724725 2.283368
12.738739 2.285176
12.752752 2.286985
12.766767 2.288793
12.780781 2.290602
12.794795 2.292411
12.808809 2.294219
12.822823 2.296028
12.836837 2.297836
12.850851 2.299645
12.864865 2.301454
12.878879 2.303262
12.892893 2.305071
12.906907 2.306880
12.920921 2.308688
12.934935 2.310497
12.948949 2.312305
12.962963 2.314114
12.976977 2.315923
12.990991 2.317731
13.005005 2.319540
13.019019 2.321348
13.033033 2.323157
13.047047 2.324966
13.061061 2.326774
13.075075 2.328583
13.089089 2.330391
13.103103 2.332200
13.117117 2.334009
13.131131 2.335817
13.145145 2.337626
13.159159 2.339434
13.173173 2.341243
13.187187 2.343052
13.201201 2.344860
13.215216 2.346669
13.229229 2.348477
13.243243 2.350286
13.257257 2.352095
13.271272 2.353903
13.285285 2.355712
13.299299 2.357521
13.313313 2.359329
13.327328 2.361138
13.341341 2.362946
13.355355 2.364755
13.369370 2.366564
13.383384 2.368372
13.397397 2.370181
13.411411 2.371989
13.425426 2.373798
13.439440 2.375607
13.453453 2.377415
13.467467 2.379224
13.481482 2.381033
13.495496 2.382841
13.509509 2.384650
13.523523 2.386458
13.537538 2.388267
13.551552 2.390076
13.565565 2.391884
13.579579 2.393693
13.593594 2.395501
13.607608 2.397310
13.621622 2.399119
13.635635 2.400927
13.649650 2.402736
13.663664 2.404544
13.677678 2.406353
13.691691 2.408162
13.705706 2.409970
13.719720 2.411779
13.733734 2.413588
13.747747 2.415396
13.761762 2.417205
13.775776 2.419013
13.789790 2.420822
13.803803 2.422630
13.817818 2.424439
13.831832 2.426248
13.845846 2.428056
13.859859 2.429865
13.873874 2.431674
13.887888 2.433482
13.901902 2.435291
13.915915 2.437099
13.929930 2.438908
13.943944 2.440717
13.957958 2.442525
13.971972 2.444334
13.985986 2.446142
14.000000 2.447951
